Image 1: 
0
0
0.00139604
0.00173857
0.00821599
0.282826
0.386656
0.151493
0.219576
0.220711
0.302919
0.561742
0.445295
0.540977
0.392749
0.576229
0.496765
0.482624
0.582822
1
0.644907
0.506676
0.80764
0.653914
0.498186
0.426735
0.626023
0.441044
0.329307
0.480064
0.433513
0.387787
0.371386
0.527006
0.439782
0.396874
0.455419
0.414939
0.392279
0.27444
0.438664
0.398043
0.296436
0.387998
0.466969
0.393533
0.279519
0.504504
0.31984
0.247335
0.233396
0.292415
0.263984
0.220025
0.28488
0.359652
0.254122
0.272754
0.350017
0.230139
0.230815
0.257853
0.241158
0.211059
0.186307
0.367747
0.364582
0.304251
0.258009
0.22489
0.169926
0.155353
0.174278
0.146044
0.13668
0.117346
0.142117
0.129148
0.090426
0.129175
0.124973
0.0897808
0.0887689
0.103413
0.0868001
0.0677295
0.0955456
0.0847809
0.0715054
0.0585907
0.0882734
0.0753509
0.0562641
0.0723
0.0759956
0.0640315
0.051528
0.0700799
0.0533188
0.0475497
0.0536911
0.0553876
0.0505958
0.0384952
0.0499928
0.0453086
0.0391434
0.0391351
0.0373257
0.0337024
0.0306807
0.039889
0.0422616
0.0253787
0.0336607
0.0449411
0.0349203
0.0272876
0.0487091
0.0382935
0.0351427
0.0400828
0.0613295
0.0627227
0.0680739
0.674172
0.0544683
0


Image 2: 
0
0
0.00138687
0.00170973
0.00687208
0.275651
0.393259
0.152467
0.222506
0.211176
0.323164
0.552146
0.460713
0.542195
0.390073
0.579699
0.502806
0.479131
0.586555
1
0.662992
0.494646
0.806441
0.661269
0.502401
0.429449
0.632242
0.449656
0.332011
0.469972
0.448295
0.383698
0.376247
0.529258
0.437959
0.406562
0.441798
0.428991
0.391491
0.270746
0.44245
0.405562
0.292118
0.393289
0.472382
0.394674
0.28375
0.501661
0.32156
0.238637
0.251763
0.285521
0.276831
0.217062
0.288848
0.361164
0.254111
0.27683
0.349668
0.236398
0.220632
0.265298
0.244968
0.209965
0.182473
0.371785
0.366645
0.298726
0.269193
0.223815
0.169166
0.16001
0.173759
0.149306
0.134829
0.119288
0.140768
0.126924
0.0951051
0.132172
0.120908
0.0929894
0.0906585
0.102832
0.0874814
0.0678313
0.0964386
0.085698
0.0689371
0.061293
0.0914965
0.0736173
0.0566395
0.0719147
0.0764607
0.0638898
0.0555083
0.0665343
0.0555302
0.0472063
0.0520523
0.0586506
0.0500687
0.0392434
0.0490628
0.0455876
0.0383272
0.0403444
0.0380971
0.0347448
0.0292249
0.0418792
0.0414036
0.0256249
0.0320553
0.0482406
0.0348518
0.026353
0.0486241
0.0386196
0.037282
0.0380274
0.0633173
0.0609177
0.0691029
0.675075
0.0574852
0


Image 3: 
0
0
0.00188364
0.00102571
0.00730581
0.276452
0.390289
0.159811
0.22441
0.206464
0.311439
0.567568
0.461176
0.541011
0.383618
0.588357
0.509795
0.471101
0.591696
1
0.654534
0.514491
0.803353
0.663271
0.504185
0.432631
0.626897
0.456674
0.328953
0.47518
0.43797
0.388901
0.372882
0.543324
0.446505
0.398459
0.449791
0.418202
0.399362
0.273534
0.43676
0.406685
0.304417
0.38479
0.474505
0.404098
0.274652
0.500538
0.326756
0.245126
0.242518
0.293034
0.27053
0.212131
0.298376
0.356783
0.259145
0.275039
0.348551
0.235635
0.227122
0.262207
0.248459
0.210736
0.183563
0.371682
0.361091
0.306499
0.268105
0.225807
0.170799
0.154771
0.176615
0.149726
0.136085
0.118165
0.140871
0.131009
0.089517
0.135218
0.119506
0.0964097
0.0891651
0.102227
0.087594
0.068167
0.0949581
0.0862376
0.070811
0.058362
0.0931457
0.0749498
0.0554655
0.0709776
0.0814835
0.0633444
0.0528559
0.0682363
0.0525927
0.0497315
0.0523235
0.0585741
0.0495474
0.0396792
0.0490924
0.0477142
0.0368586
0.0395279
0.0387604
0.034905
0.0295323
0.0406545
0.0427756
0.0263986
0.030247
0.0480617
0.0352399
0.0277179
0.047522
0.0400031
0.0352573
0.0388271
0.0626908
0.0625754
0.070595
0.676878
0.0554844
0


Image 4: 
0
0
0.00116082
0.0019748
0.00427177
0.280308
0.385719
0.149496
0.222674
0.213323
0.323669
0.550438
0.448437
0.54563
0.395575
0.567809
0.502286
0.46381
0.59607
1
0.644017
0.505698
0.803335
0.652943
0.497436
0.430243
0.624424
0.45371
0.329418
0.474949
0.430934
0.388839
0.369089
0.537256
0.438389
0.397124
0.446755
0.418932
0.401006
0.260341
0.451728
0.398752
0.291488
0.387913
0.463899
0.400786
0.285147
0.498122
0.316835
0.238158
0.246029
0.295626
0.260716
0.217513
0.296671
0.354749
0.253483
0.26338
0.359489
0.234279
0.228035
0.253043
0.25104
0.205315
0.184069
0.368906
0.364098
0.297856
0.269251
0.220367
0.16747
0.158603
0.173202
0.148138
0.130821
0.118761
0.142652
0.129061
0.0899697
0.132969
0.120792
0.0934569
0.0896417
0.100137
0.0850333
0.071683
0.0944843
0.0857878
0.0685443
0.0621321
0.0886682
0.0708838
0.0572265
0.0753702
0.074947
0.0626218
0.0555027
0.0659053
0.0550485
0.0479322
0.0515236
0.0564224
0.0506863
0.0402584
0.0479417
0.0464051
0.0389513
0.037838
0.037839
0.0364376
0.0296172
0.0398958
0.0423996
0.0253346
0.0315336
0.0463853
0.0364112
0.0258939
0.0483538
0.0390662
0.035327
0.0376887
0.0624398
0.0650288
0.0653038
0.674635
0.0547565
0


Image 5: 
0
0
0.00113495
0.00165838
0.00472634
0.27586
0.393787
0.155439
0.224082
0.214076
0.308829
0.553066
0.458155
0.554922
0.379676
0.580745
0.501705
0.478627
0.589948
1
0.654359
0.502232
0.821331
0.652687
0.502163
0.433769
0.62412
0.449206
0.330852
0.47403
0.44251
0.378473
0.381286
0.537512
0.433971
0.408033
0.44628
0.425342
0.389342
0.274667
0.438996
0.40769
0.294818
0.388961
0.472615
0.395688
0.280423
0.500974
0.325492
0.238997
0.246764
0.289978
0.270054
0.217926
0.287795
0.361202
0.26136
0.266799
0.35008
0.237644
0.224801
0.258362
0.248897
0.207847
0.183985
0.374811
0.356456
0.305467
0.264891
0.226206
0.171551
0.154165
0.175831
0.148951
0.133344
0.122231
0.139707
0.127757
0.0958772
0.128899
0.122722
0.0886263
0.0912811
0.103221
0.0875427
0.0709709
0.0944933
0.087023
0.0685941
0.0615982
0.0896031
0.0714263
0.0577201
0.0714568
0.0797599
0.0619565
0.0537471
0.0677427
0.0542651
0.0479511
0.0521728
0.0574793
0.0505556
0.0389631
0.0511224
0.0455112
0.0368601
0.0409223
0.0377898
0.0361473
0.0273651
0.0411747
0.0421279
0.0272158
0.0308581
0.0469068
0.036615
0.0282433
0.0467245
0.0395965
0.0352766
0.0388273
0.062239
0.0634263
0.0688865
0.675595
0.0548089
0


Image 6: 
0
0
0.00141337
0.00135153
0.0067802
0.266456
0.401437
0.148611
0.225294
0.210106
0.319022
0.553867
0.463879
0.533656
0.384159
0.589088
0.501387
0.469943
0.587767
1
0.655161
0.503945
0.816776
0.650611
0.498999
0.4302
0.630764
0.448068
0.326682
0.476767
0.435249
0.389267
0.369452
0.538833
0.439889
0.404415
0.452291
0.415053
0.392302
0.274353
0.438809
0.405251
0.299013
0.389774
0.474718
0.387082
0.283886
0.501298
0.317667
0.245637
0.239154
0.294441
0.260829
0.223526
0.289573
0.359382
0.26059
0.267126
0.356319
0.235299
0.222983
0.255036
0.253767
0.204044
0.187723
0.36748
0.356535
0.308947
0.265429
0.220925
0.172543
0.155013
0.174266
0.149717
0.132239
0.120636
0.138707
0.12788
0.0944884
0.135935
0.119066
0.0920437
0.0900124
0.100996
0.0873292
0.0691171
0.0949137
0.0863469
0.0697498
0.0604989
0.0900838
0.0768638
0.0518502
0.0731047
0.0771729
0.0652621
0.0508168
0.0674893
0.0550244
0.0489713
0.0518367
0.0564983
0.0507858
0.0383575
0.0512787
0.0447025
0.0387325
0.0387449
0.0380621
0.0362229
0.0294269
0.0418406
0.0412513
0.0252617
0.0318641
0.0466258
0.036097
0.028378
0.0464123
0.0382415
0.0349385
0.0397836
0.0614745
0.0628976
0.0686892
0.675168
0.0557836
0


Image 7: 
0
0
0.00143095
0.00143557
0.00675039
0.266553
0.410788
0.145982
0.224577
0.211702
0.300957
0.566229
0.455643
0.551756
0.39371
0.569095
0.505626
0.476357
0.592925
1
0.644694
0.518665
0.803146
0.663039
0.493766
0.425968
0.628211
0.455528
0.331277
0.466928
0.445245
0.383599
0.37167
0.535822
0.439813
0.399321
0.455899
0.41975
0.392329
0.272397
0.448728
0.389672
0.301501
0.394898
0.466847
0.398353
0.285356
0.492487
0.321232
0.246798
0.237058
0.292718
0.268556
0.221078
0.290198
0.360186
0.256255
0.268745
0.351686
0.238547
0.225273
0.258867
0.245496
0.206425
0.188194
0.383412
0.348576
0.29903
0.267805
0.225927
0.16979
0.15609
0.174894
0.146661
0.134366
0.122146
0.137396
0.129795
0.0943985
0.13086
0.12329
0.0887025
0.0946633
0.0995817
0.087181
0.0711472
0.0935321
0.086163
0.070993
0.0584845
0.0926061
0.0741823
0.0535939
0.0731907
0.075481
0.0658964
0.0535753
0.0661196
0.0554722
0.0475014
0.0537043
0.0550852
0.0503824
0.0400797
0.0499843
0.0470938
0.0365414
0.0402162
0.0379789
0.0348664
0.028264
0.0410074
0.0430111
0.0255945
0.0334444
0.0454169
0.0361275
0.0258119
0.0485473
0.0405856
0.0335242
0.0410286
0.0626805
0.0629749
0.0671069
0.673743
0.0561445
0


Image 8: 
0
0
0.00162046
0.00155054
0.00707437
0.275533
0.412162
0.150583
0.217317
0.21473
0.313306
0.574939
0.460102
0.544614
0.386343
0.593847
0.504362
0.478688
0.599403
1
0.659689
0.50694
0.827853
0.661676
0.507332
0.433988
0.626073
0.453365
0.337963
0.484228
0.440166
0.387166
0.375644
0.543555
0.441053
0.405888
0.462113
0.423883
0.392773
0.279986
0.447027
0.401429
0.303198
0.386042
0.481066
0.398354
0.291597
0.499357
0.32537
0.245786
0.240715
0.299492
0.270938
0.217418
0.296794
0.362004
0.266131
0.26536
0.356206
0.236623
0.234934
0.255786
0.248797
0.213782
0.188936
0.365964
0.361532
0.31144
0.266928
0.229678
0.170997
0.157303
0.177816
0.150024
0.134159
0.122893
0.139896
0.132381
0.0959963
0.130831
0.123337
0.0890807
0.0935007
0.101224
0.0909111
0.0698293
0.0944831
0.0884362
0.0665688
0.0624127
0.0926232
0.0737887
0.0568573
0.0746045
0.0765493
0.0620634
0.0580576
0.0652966
0.0570536
0.0493345
0.0499078
0.0602578
0.0491089
0.0399149
0.0502798
0.0463113
0.0390661
0.0398928
0.0384543
0.0355812
0.0298573
0.0413001
0.0428418
0.0243704
0.0322856
0.0477185
0.035805
0.0285973
0.047415
0.0400628
0.0361347
0.039898
0.0617694
0.0630241
0.0703112
0.682504
0.0545957
0


Image 9: 
0
0
0.00139042
0.00177693
0.00872136
0.267281
0.411406
0.156158
0.212269
0.204826
0.333129
0.547626
0.456749
0.539263
0.402044
0.577728
0.502019
0.473433
0.599488
1
0.654847
0.501474
0.812557
0.665129
0.500911
0.433399
0.630177
0.454166
0.331956
0.475664
0.436873
0.383497
0.375232
0.544766
0.440858
0.397965
0.454173
0.423597
0.393762
0.276792
0.436999
0.400303
0.302177
0.39051
0.47053
0.400856
0.282196
0.499759
0.327871
0.240709
0.239313
0.297036
0.263331
0.221592
0.294035
0.356092
0.261296
0.275219
0.350451
0.237609
0.231091
0.258142
0.24778
0.207198
0.190978
0.362332
0.364727
0.305502
0.269466
0.224172
0.175019
0.153394
0.176105
0.152041
0.131587
0.120194
0.13788
0.12871
0.0935096
0.135341
0.121838
0.0938874
0.0874393
0.102759
0.0868722
0.069301
0.0958982
0.0870145
0.0692541
0.0611382
0.0906464
0.0759481
0.0561363
0.069358
0.0797907
0.0621356
0.0555702
0.0662699
0.0544745
0.0490967
0.0507567
0.0594374
0.0501792
0.0402703
0.0470285
0.0478918
0.0385305
0.0398634
0.0368011
0.0377637
0.0280374
0.0414048
0.0440604
0.0248971
0.0305721
0.047782
0.0343202
0.0280066
0.0494659
0.0380955
0.0346563
0.0389791
0.0631227
0.0639524
0.0690829
0.675817
0.0561075
0


Image 10: 
0
0
0.00153988
0.00150253
0.00889266
0.28732
0.393876
0.141428
0.219762
0.211696
0.304638
0.566204
0.454704
0.545133
0.386379
0.573434
0.500108
0.475617
0.585304
1
0.654365
0.503727
0.807045
0.660338
0.495243
0.43464
0.623706
0.452333
0.321065
0.477598
0.439428
0.394746
0.360461
0.532546
0.451425
0.400301
0.441839
0.421366
0.381924
0.271519
0.444454
0.411037
0.294256
0.385883
0.470348
0.404157
0.273123
0.497565
0.31594
0.254461
0.23752
0.290844
0.266029
0.218702
0.29207
0.35736
0.256282
0.267755
0.350612
0.237886
0.227648
0.253569
0.251933
0.204713
0.185537
0.37045
0.359411
0.30515
0.26507
0.223783
0.167154
0.155162
0.17585
0.151716
0.13611
0.11387
0.141239
0.127754
0.0925086
0.130095
0.12226
0.0900945
0.0938337
0.0979362
0.0872776
0.0690944
0.0954178
0.0877333
0.0678184
0.0590931
0.0919328
0.0770628
0.0551585
0.0700697
0.0777285
0.0628296
0.053736
0.0673015
0.0527769
0.0478873
0.0544892
0.05531
0.0486448
0.0415155
0.0510667
0.0442617
0.0372067
0.0415798
0.037684
0.0342461
0.0294565
0.0414549
0.0422983
0.025628
0.0308413
0.0464877
0.0355511
0.0288777
0.047012
0.0384108
0.0345272
0.0394352
0.0632565
0.0615992
0.0696055
0.674396
0.0542551
0


